07058040357    
08024445918    
08064542135    
08094050407    
08067566866    
08136182453    
07031830956    
07030056088    
08166966854    
07030090562    
08135117019    
08181669007    
08160282588    
07064408797    
07066623916    
08065674900    
08069833053    
07033125339    
08132863080    
07069210776    
08137450575    
08138433993    
07066290178    
07038098100    
08065796557    
07033108580    
08062785701    
08068137475    
08135385418    
08135143667    
07064665910    
07069729568    
08166767271    
08076108224    
08031509796    
08134282543    
08167739693    
07030233883    
08105566288    
08137075959    
07062328828    
08099318694    
07065396322    
08109819154    
07063824841    
08068547776    
08030471466    
08142397771    
07084409750    
07035808141    
08106744039    
07032980589    
08160147954    
07051545257    
07066413312    
08068768243    
08106108495    
08139594154    
08166904701    
08131026450    
08166237628    
08061364536    
08102122990    
07085377722    
08165655781    
08065545712    
08132548866    
08032570277    
08062592423    
08066169249    
08032519442    
07063591071    
08146357073    
08033739954    
08063153028    
08038336098    
8060162464    
08087612375    
08105848691    
07039273854    
07051137038    
08065539056    
08103784448    
08065539050    
08183776390    
08102689949    
07031833634    
08186653603    
07063922494    
08035563080    
07039407684    
08138102474    
08065404270    
07067194814    
08135901246    
07069407684    
08136345874    
07062909181    
08189429680    
08065877042    
08066492734    
08121737458    
08138247318    
07033584420    
08030469433    
07067859903    
09036521286    
07030093343    
08169887995    
08105751343    
08106519092    
08138124932    
08160684485    
08132429064    
08106740885    
08138336098    
08167966639    
08184398154    
08100766891    
08065954026    
08160317192    
08114869908    
08134025644    
07063201688    
08066577205    
08103784498    
08168413531    
08166344967    
08106001695    
08166764009    
07035898180    
08101520347    
07065910467    
08066023387    
08131559220    
07039242024    
07067081759    
07035258635    
08104720996    
08101106259    
08133853834    
08169000520    
08169697824    
08130978221    
08140491246    
07038879407    
08163565873    
08139625012    
08072781303    
08164662566    
08168066677    
08064268114    
07037389788    
08079163170    
08136776139    
07032207398    
07036988291    
08185502116    
08104033007    
08160893563    
08137403857    
08168944854    
08089702316    
08188236109    
07064489285    
08074863133    
08175121481    
07031361558    
08066437635    
08189422968    
08057885559    
08022396195    
08061652347    
08055936247    
08136067163    
07065440662    
08136105768    
08087516511    
07033959586    
08066135152    
08111383484    
08135372833    
08130956272    
07032778437    
07061508162    
08169498026    
07033761997    
07034525856    
08160276057    
07068451606    
08102111311    
08038096962    
08149062169    
07039223854    
07065998162    
08076330559    
07066031101    
08066023337    
08145937004    
07039310473    
08167955876    
08035753399    
08188674622    
08036436805    
08139782945    
07069367646    
08162562609    
07030058088    
08189567376    
08038585002    
08175903888    
08068972805    
07031823326    
08135453592    
08168276696    
07033823786    
07058041021    
08133414815    
09030443416    
07068006473    
08137468265    
08039182157    
08058481395    
08160837508    
07068391232    
08076725647    
08163105768    
08101819297    
07039003776    
08034805378    
07069008807    
08067405465    
08060317192    
08067026333    
08137633814    
07033009752    
07066638596    
07085207119    
07087690592    
07066883707    
08032662757    
08102907354    
08135494681    
08105378108    
08030943124    
08058560097    
08130297487    
08142709082    
08151375037    
07063209598    
08138644069    
08161662411    
08067860695    
08031559220    
08064679348    
08068972825    
08060162464    
08136961807    
08139263853    
08108183761    
08109376495    
08126420297    
08058168218    
08137632425    
08105067420    
08168777034    
08163820668    
08163878012    
08034010952    
08168230966    
07059801243    
08149127648    
07030315244    
08164629164    
07063787392    
08072975200    
08140373562    
08130554158    
07035739998    
08164176404    
07032204222    
08076963304    
08022124279    
07065881102    
08064796557    
08165538889    
08036682045    
08167566866    
08032484887    
08130565294    
08103349503    
08080306242    
07018446628    
07062953915    
08164007374    
09030209445    
08168037876    
08167876720    
08062454467    
07064441688    
08130303308    
08069001757    
07068283605    
08103675164    
08064668564    
07038102474    
08168887141    
08071996289    
07068341777    
08138574029    
08164819529    
07063938627    
08136598236    
08160149421    
07068506986    
07069367695    
07065802464    
08094087609    
07037798108    
08094272792    
08139263959   
07087594173   
0805406  
 
08030090562 
