08087516511
08135453592
08065539050
08039182157
08166966854
07066290178
08106108495
08058481395
08087612375
08102122990
08102111311
08165655781
08138102474
07063201688
08101106259
08066492734
08130978221
08055936247
08066135152
08188236109
08031509796
07063591071
07066623916
08132429064
08030469433
07032980589
08103675164
08066169249
07039242024
08160149421
07084409750
08101520347
08089702316
08160282588
08139782945
08121737458
07038879407
07035739998
08188674622
08102907354
07031830956
08175903888
07035808141
07031833634
08079163170
08094050407
08139625012
07035258635
07030058088
08169697824
08065404270
07030233883
08057885559
08168037876
08076963304
08069001757
07039407684
08164629164
08066577205
08140491246
08140373562
08066023387
08068972825