08065178642
08169459421
08157189186
08080306242 
07018446628 
07030058088 
07030090562 
07030093343 
07030233883 
07030315244 
07031361558 
07031823326 
07031830956 
07031833634 
07032204222 
07032207398 
07032778437 
07032980589 
07033009752 
07033108580 
07033125339 
07033584420 
07033761997 
07033823786 
07034525856 
07035258635 
07035739998 
07035898180 
07036988291 
07037389788 
07037798108 
07038098100 
07038102474 
07038879407 
07039003776 
07039223854 
07039242024 
07039273854 
07039310473 
07039407684 
07051137038 
07051545257 
07058040357 
07058041021 
07059801243 
07061508162 
07062328828 
07062909181 
07062953915 
07063201688 
07063209598 
07063591071 
07063787392 
07063824841 
07063922494 
07063938627 
07064408797 
07064441688 
07064489285 
07064665910 
07065396322 
07065440662 
07065802464 
07065881102 
07065910467 
07065998162 
07066031101 
07066290178 
07066413312 
07066623916 
07066638596 
07066883707 
07067081759 
07067194814 
07067859903 
07068006473 
07068283605 
07068341777 
07068391232 
07068451606 
07068506986 
07069008807 
07069210776 
07069367646 
07069367695 
07069407684 
07069729568 
07084409750 
07085207119 
07087690592 
08022124279 
08022396195 
08024445918 
08030469433 
08030471466 
08030943124 
08031509796 
08031559220 
08032484887 
08032519442 
08032570277 
08032662757 
08033739954 
08034010952 
08034805378 
08035563080 
08035753399 
08036436805 
08036682045 
08038096962 
08038336098 
08038585002 
08039182157 
08055936247 
08057885559 
08058168218 
08058481395 
08058560097 
8060162464 
08060317192 
08061364536 
08062454467 
08062592423 
08062785701 
08063153028 
08064268114 
08064542135 
08064668564 
08064679348 
08064796557 
08065404270 
08065539050 
08065539056 
08065545712 
08065674900 
08065796557 
08065877042 
08065954026 
08066023387 
08066135152 
08066169249 
08066437635 
08066492734 
08066577205 
08067026333 
08067405465 
08067566866 
08067860695 
08068137475 
08068547776 
08068768243 
08068972805 
08068972825 
08069001757 
08069833053 
08071996289 
08072781303 
08072975200 
08074863133 
08076108224 
08076330559 
08076725647 
08076963304 
08079163170 
08087516511 
08087612375 
08089702316 
08094050407 
08094087609 
08094272792 
08099318694 
08100766891 
08101106259 
08101520347 
08101819297 
08102111311 
08102122990 
08102689949 
08102907354 
08103349503 
08103675164 
08103784498 
08104033007 
08104720996 
08105067420 
08105378108 
08105566288 
08105751343 
08105848691 
08106001695 
08106108495 
08106519092 
08106740885 
08106744039 
08108183761 
08109376495 
08109819154 
08111383484 
08114869908 
08121737458 
08126420297 
08130297487 
08130303308 
08130554158 
08130565294 
08130956272 
08130978221 
08131026450 
08131559220 
08132429064 
08132548866 
08132863080 
08133414815 
08133853834 
08134025644 
08134282543 
08135117019 
08135143667 
08135372833 
08135385418 
08135453592 
08135494681 
08135901246 
08136067163 
08136105768 
08136182453 
08136345874 
08136598236 
08136776139 
08136961807 
08137075959 
08137403857 
08137450575 
08137468265 
08137632425 
08137633814 
08138102474 
08138124932 
08138247318 
08138336098 
08138433993 
08138574029 
08138644069 
08139263853 
08139594154 
08139625012 
08139782945 
08140373562 
08140491246 
08142397771 
08142709082 
08145937004 
08146357073 
08149062169 
08149127648 
08151375037 
08160147954 
08160149421 
08160276057 
08160282588 
08160317192 
08160684485 
08160837508 
08160893563 
08161662411 
08162562609 
08163105768 
08163565873 
08163820668 
08163878012 
08164007374 
08164176404 
08164629164 
08164662566 
08164819529 
08165538889 
08165655781 
07085377722 
08166237628 
08166344967 
08166764009 
08166767271 
08166904701 
08166966854 
08167566866 
08167739693 
08167876720 
08167955876 
08167966639 
08168037876 
08168230966 
08168276696 
08168413531 
08168777034 
08168887141 
08168944854 
08169000520 
08169498026 
08169697824 
08169887995 
08175121481 
08175903888 
08181669007 
08183776390 
08184398154 
08185502116 
08186653603 
08188236109 
08188674622 
08189422968 
08189429680 
08189567376 
09030209445 
09036521286 
07033959586 
08103784448 
07030056088 
08060162464 
08066023337 
08168066677 
08061652347 
09030443416 
07035808141
08080306242
07018446628
07030058088
07030090562
07030093343
07030233883
07030315244
07031361558
07031823326
07031830956
07031833634
07032204222
07032207398
07032778437
07032980589
07033009752
07033108580
07033125339
07033584420
07033761997
07033823786
07034525856
07035258635
07035739998
07035898180

07036988291
07037389788
07037798108
07038098100
07038102474
07038879407
07039003776
07039223854
07039242024
07039273854
07039310473
07039407684
07051137038
07051545257
07058040357
07058041021
07059801243
07061508162
07062328828
07062909181
07062953915
07063201688
07063209598
07063591071
07063787392
07063824841
07063922494
07063938627
07064408797
07064441688
07064489285
07064665910
07065396322
07065440662
07065802464
07065881102
07065910467
07065998162
07066031101
07066290178
07066413312
07066623916
07066638596
07066883707
07067081759
07067194814
07067859903
07068006473
07068283605
07068341777
07068391232
07068451606
07068506986
07069008807
07069210776
07069367646
07069367695
07069407684
07069729568
07084409750
07085207119
07087690592
08022124279
08022396195
08024445918
08030469433
08030471466
08030943124
08031509796
08031559220
08032484887
08032519442
08032570277
08032662757
08033739954
08034010952
08034805378
08035563080
08035753399
08036436805
08036682045
08038096962
08038336098
08038585002
08039182157
08055936247
08057885559
08058168218
08058481395
08058560097
8060162464
08060317192
08061364536
08062454467
08062592423
08062785701
08063153028
08064268114
08064542135
08064668564
08064679348
08064796557
08065404270
08065539050
08065539056
08065545712
08065674900
08065796557
08065877042
08065954026
08066023387
08066135152
08066169249
08066437635
08066492734
08066577205
08067026333
08067405465
08067566866
08067860695
08068137475
08068547776
08068768243
08068972805
08068972825
08069001757
08069833053
08071996289
08072781303
08072975200
08074863133
08076108224
08076330559
08076725647
08076963304
08079163170
08087516511
08087612375
08089702316
08094050407
08094087609
08094272792
08099318694
08100766891
08101106259
08101520347
08101819297
08102111311
08102122990
08102689949
08102907354
08103349503
08103675164
08103784498
08104033007
08104720996
08105067420
08105378108
08105566288
08105751343
08105848691
08106001695
08106108495
08106519092
08106740885
08106744039
08108183761
08109376495
08109819154
08111383484
08114869908
08121737458
08126420297
08130297487
08130303308
08130554158
08130565294
08130956272
08130978221
08131026450
08131559220
08132429064
08132548866
08132863080
08133414815
08133853834
08134025644
08134282543
08135117019
08135143667
08135372833
08135385418
08135453592
08135494681
08135901246
08136067163
08136105768
08136182453
08136345874
08136598236
08136776139
08136961807
08137075959
08137403857
08137450575
08137468265
08137632425
08137633814
08138102474
08138124932
08138247318
08138336098
08138433993
08138574029
08138644069
08139263853
08139594154
08139625012
08139782945
08140373562
08140491246
08142397771
08142709082
08145937004
08146357073
08149062169
08149127648
08151375037
08160147954
08160149421
08160276057
08160282588
08160317192
08160684485
08160837508
08160893563
08161662411
08162562609
08163105768
08163565873
08163820668
08163878012
08164007374
08164176404
08164629164
08164662566
08164819529
08165538889
08165655781
07085377722
08166237628
08166344967
08166764009
08166767271
08166904701
08166966854
08167566866
08167739693
08167876720
08167955876
08167966639
08168037876
08168230966
08168276696
08168413531
08168777034
08168887141
08168944854
08169000520
08169498026
08169697824
08169887995
08175121481
08175903888
08181669007
08183776390
08184398154
08185502116
08186653603
08188236109
08188674622
08189422968
08189429680
08189567376
09030209445
09036521286
08167739693
08065674900
08068547776
08105848691
08064542135
08165655781
08087516511
08135453592
07039407684
07069729568
08139594154
08130565294
08071996289
08065545712
08135143667
07033823786
07058040357
08135372833
08031509796
08136776139
08065404270
08181669007
08160147954
08102907354
08102689949
08030469433
08038336098
08162562609
07067081759
08105751343
07066031101
08167566866
07051137038
08087612375
08133414815
08067026333
07031361558
07033959586
08137075959
07062909181
08109376495
07063787392
08103349503
08136182453
08166966854
08069001757
08106108495
08130303308
07066413312
08105566288
07085207119
08034010952
07069367695
07069367646
08130297487
08032570277
08064796557
08069833053
07038098100
08135385418
08136067163
07037798108
08105067420
08149127648
08134025644
08160282588
08101520347
08089702316
08038585002
07030090562
08131026450
07039003776
08038096962
08135494681
08103784448
07031830956
07068283605
07037389788
08160276057
07031361558
08138644069
07067194814
08066577205
07038102474
08062592423
07063922494
08066169249
07065881102
07038879407
07035739998
07032778437
08164662566
08145937004
07030056088
08068972805
08168037876
07068341777
08076108224
08064679348
08186653603
07065910467
07062328828
09036521286
08137450575
08163878012
08168276696
08060162464
07066638596
08130978221
08166237628
08061364536
08066437635
07031833634
07051545257
08062454467
08137403857
08168413531
07058041021
08031559220
08076330559
07032980589
07036988291
07067859903
08108183761
07068506986
08102122990
08033739954
08136598236
08024445918
08035753399
08035563080
07039310473
08105751343
08169887995
07065396322
08076725647
08167955876
07066623916
08139625012
07039242024
08034805378
08161662411
08133853834
07064408797
07064665910
08057885559
08101819297
08160684485
07063201688
07033125339
07033009752
08032484887
08063153028
08160317192
08030471466
07030233883
07064489285
07069008807
08168777034
08105378108
07063824841
07033584420
08066492734
08137632425
08074863133
08065539056
08114869908
08166767271
08137633814
08188236109
08130956272
08039182157
08175903888
08065877042
08151375037
08163105768
08134282543
08166764009
08168887141
08067026333
08106744039
08066023337
07063591071
08101106259
08167966639
08065954026
08164176404
08032662757
08106740885
07068391232
08140491246
08067860695
08166344967
08036682045
07065802464
08185502116
08169697824
07087690592
08058560097
08160837508
08168066677
08061652347
07039003776
08138247318
09030443416
08167739693
08065674900
08068547776
08105848691
08064542135
08165655781
08087516511
08135453592
07039407684
07069729568
08139594154
08130565294
08071996289
08065545712
08135143667
07033823786
07058040357
08135372833
08031509796
08136776139
08065404270
08181669007
08160147954
08102907354
08102689949
08030469433
08038336098
08162562609
07067081759
08105751343
07066031101
08167566866
07051137038
08087612375
08133414815
08067026333
07031361558
07033959586
08137075959
07062909181
08109376495
07063787392
08103349503
08136182453
08166966854
08069001757
08106108495
08130303308
07066413312
08105566288
07085207119
08034010952
07069367695
07069367646
08130297487
08032570277
08064796557
08069833053
07038098100
08135385418
08136067163
07037798108
08105067420
08149127648
08134025644
08160282588
08101520347
08089702316
08038585002
07030090562
08131026450
07039003776
08038096962
08135494681
08103784448
07031830956
07068283605
07037389788
08160276057
07031361558
08138644069
07067194814
08066577205
07038102474
08062592423
07063922494
08066169249
07065881102
07038879407
07035739998
07032778437
08164662566
08145937004
07030056088
08068972805
08168037876
07068341777
08076108224
08064679348
08186653603
07065910467
07062328828
09036521286
08137450575
08163878012
08168276696
08060162464
07066638596
08130978221
08166237628
08061364536
08066437635
07031833634
07051545257
08062454467
08137403857
08168413531
07058041021
08031559220
08076330559
07032980589
07036988291
07067859903
08108183761
07068506986
08102122990
08033739954
08136598236
08024445918
08035753399
08035563080
07039310473
08105751343
08169887995
07065396322
08076725647
08167955876
07066623916
08139625012
07039242024
08034805378
08161662411
08133853834
07064408797
07064665910
08057885559
08101819297
08160684485
07063201688
07033125339
07033009752
08032484887
08063153028
08160317192
08030471466
07030233883
07064489285
07069008807
08168777034
08105378108
07063824841
07033584420
08066492734
08137632425
08074863133
08065539056
08114869908
08166767271
08137633814
08188236109
08130956272
08039182157
08175903888
08065877042
08151375037
08163105768
08134282543
08166764009
08168887141
08067026333
08106744039
08066023337
07063591071
08101106259
08167966639
08065954026
08164176404
08032662757
08106740885
07068391232
08140491246
08067860695
08166344967
08036682045
07065802464
08185502116
08169697824
07087690592
08058560097
08160837508
08168066677
08061652347
07039003776
09030443416
08167739693
08065674900
08068547776
08105848691
08064542135
08165655781
08087516511
08135453592
07039407684
07069729568
08139594154
08130565294
08071996289
08065545712
08135143667
07033823786
07058040357
08135372833
08031509796
08136776139
08065404270
08181669007
08160147954
08102907354
08102689949
08030469433
08038336098
08162562609
07067081759
08105751343
07066031101
08167566866
07051137038
08087612375
08133414815
08067026333
07031361558
07033959586
08137075959
07062909181
08109376495
07063787392
08103349503
08136182453
08166966854
08069001757
08106108495
08130303308
07066413312
08105566288
07085207119
08034010952
07069367695
07069367646
08130297487
08032570277
08064796557
08069833053
07038098100
08135385418
08136067163
07037798108
08105067420
08149127648
08134025644
08160282588
08101520347
08089702316
08038585002
07030090562
08131026450
07039003776
08038096962
08135494681
08103784448
07031830956
07068283605
07037389788
08160276057
07031361558
08138644069
07067194814
08066577205
07038102474
08062592423
07063922494
08066169249
07065881102
07038879407
07035739998
07032778437
08164662566
08145937004
07030056088
08068972805
08168037876
07068341777
08076108224
08064679348
08186653603
07065910467
07062328828
09036521286
08137450575
08163878012
08168276696
08060162464
07066638596
08130978221
08166237628
08061364536
08066437635
07031833634
07051545257
08062454467
08137403857
08168413531
07058041021
08031559220
08076330559
07032980589
07036988291
07067859903
08108183761
07068506986
08102122990
08033739954
08136598236
08024445918
08035753399
08035563080
07039310473
08105751343
08169887995
07065396322
08076725647
08167955876
07066623916
08139625012
07039242024
08034805378
08161662411
08133853834
07064408797
07064665910
08057885559
08101819297
08160684485
07063201688
07033125339
07033009752
08032484887
08063153028
08160317192
08030471466
07030233883
07064489285
07069008807
08168777034
08105378108
07063824841
07033584420
08066492734
08137632425
08074863133
08065539056
08114869908
08166767271
08137633814
08188236109
08130956272
08039182157
08175903888
08065877042
08151375037
08163105768
08134282543
08166764009
08168887141
08067026333
08106744039
08066023337
07063591071
08101106259
08167966639
08065954026
08164176404
08032662757
08106740885
07068391232
08140491246
08067860695
08166344967
08036682045
07065802464
08185502116
08169697824
07087690592
08058560097
08160837508
08168066677
08061652347
07039003776
09030443416