2347058040357 
2348024445918 
2348064542135 
2348094050407 
2348067566866 
2348136182453 
2347031830956 
2347030056088 
2348166966854 
2347030090562 
2348135117019 
2348181669007 
2348160282588 
2347064408797 
2347066623916 
2348065674900 
2348069833053 
2347033125339 
2348132863080 
2347069210776 
2348137450575 
2348138433993 
2347066290178 
2347038098100 
2348065796557 
2347033108580 
2348062785701 
2348068137475 
2348135385418 
2348135143667 
2347064665910 
2347069729568 
2348166767271 
2348076108224 
2348031509796 
2348134282543 
2348167739693 
2347030233883 
2348105566288 
2348137075959 
2347062328828 
2348099318694 
2347065396322 
2348109819154 
2347063824841 
2348068547776 
2348030471466 
2348142397771 
2347084409750 
2347035808141 
2348106744039 
2347032980589 
2348160147954 
2347051545257 
2347066413312 
2348068768243 
2348106108495 
2348139594154 
2348166904701 
2348131026450 
2348166237628 
2348061364536 
2348102122990 
2347085377722 
2348165655781 
2348065545712 
2348132548866 
2348032570277 
2348062592423 
2348066169249 
2348032519442 
2348065178642 
2347063591071 
2348146357073 
2348033739954 
2348063153028 
2348038336098 
823460162464 
2348087612375 
2348105848691 
2347039273854 
2347051137038 
2348065539056 
2348103784448 
2348065539050 
2348183776390 
2348102689949 
2347031833634 
2348186653603 
2347063922494 
2348035563080 
2347039407684 
2348138102474 
2348065404270 
2347067194814 
2348135901246 
2347069407684 
2348136345874 
2347062909181 
2348189429680 
2348065877042 
2348066492734 
2348121737458 
2348138247318 
2347033584420 
2348030469433 
2347067859903 
2349036521286 
2347030093343 
2348169887995 
2348105751343 
2348106519092 
2348138124932 
2348160684485 
2348132429064 
2348106740885 
2348138336098 
2348167966639 
2348184398154 
2348100766891 
2348065954026 
2348160317192 
2348114869908 
2348134025644 
2347063201688 
2348066577205 
2348103784498 
2348168413531 
2348166344967 
2348106001695 
2348166764009 
2347035898180 
2348101520347 
2347065910467 
2348066023387 
2348131559220 
2347039242024 
2347067081759 
2347035258635 
2348104720996 
2348101106259 
2348133853834 
2348169000520 
2348169697824 
2348130978221 
2348140491246 
2347038879407 
2348163565873 
2348139625012 
2348072781303 
2348164662566 
2348168066677 
2348064268114 
2347037389788 
2348079163170 
2348136776139 
2347032207398 
2347036988291 
2348185502116 
2348104033007 
2348160893563 
2348137403857 
2348168944854 
2348089702316 
2348188236109 
2347064489285 
2348074863133 
2348175121481 
2347031361558 
2348066437635 
2348189422968 
2348057885559 
2348022396195 
2348061652347 
2348055936247 
2348136067163 
2347065440662 
2348136105768 
2348087516511 
2347033959586 
2348066135152 
2348111383484 
2348135372833 
2348130956272 
2347032778437 
2347061508162 
2348169498026 
2347033761997 
2347034525856 
2348160276057 
2347068451606 
2348102111311 
2348038096962 
2348149062169 
2347039223854 
2347065998162 
2348076330559 
2347066031101 
2348066023337 
2348145937004 
2347039310473 
2348167955876 
2348035753399 
2348188674622 
2348036436805 
2348139782945 
2347069367646 
2348162562609 
2347030058088 
2348189567376 
2348038585002 
2348175903888 
2348068972805 
2347031823326 
2348135453592 
2348168276696 
2347033823786 
2347058041021 
2348133414815 
2349030443416 
2347068006473 
2348137468265 
2348039182157 
2348058481395 
2348160837508 
2347068391232 
2348076725647 
2348163105768 
2348101819297 
2347039003776 
2348034805378 
2347069008807 
2348067405465 
2348060317192 
2348067026333 
2348137633814 
2347033009752 
2347066638596 
2347085207119 
2347087690592 
2347066883707 
2348032662757 
2348102907354 
2348135494681 
2348105378108 
2348030943124 
2348058560097 
2348130297487 
2348142709082 
2348151375037 
2347063209598 
2348138644069 
2348161662411 
2348067860695 
2348031559220 
2348064679348 
2348068972825 
2348060162464 
2348136961807 
2348139263853 
2348108183761 
2348109376495 
2348126420297 
2348058168218 
2348137632425 
2348105067420 
2348168777034 
2348163820668 
2348163878012 
2348034010952 
2348168230966 
2347059801243 
2348149127648 
2347030315244 
2348164629164 
2347063787392 
2348072975200 
2348140373562 
2348130554158 
2347035739998 
2348164176404 
2347032204222 
2348076963304 
2348022124279 
2348169459421 
2347065881102 
2348064796557 
2348165538889 
2348036682045 
2348167566866 
2348032484887 
2348130565294 
2348103349503 
2348080306242 
2347018446628 
2347062953915 
2348164007374 
2349030209445 
2348168037876 
2348167876720 
2348062454467 
2347064441688 
2348130303308 
2348069001757 
2347068283605 
2348103675164 
2348064668564 
2347038102474 
2348168887141 
2348157189186 
2348071996289 
2347068341777 
2348138574029 
2348164819529 
2347063938627 
2348136598236 
2348160149421 
2347068506986 
2347069367695 
2347065802464 
2348094087609 
2347037798108 
2348094272792 
