120025
120034
120043
120044
120052
120063
120114
120134
120135
120190
120197
120204
120212
120248
120287
120297
120340
120348
120358
120448
120483
120488
120493
120515
120519
120543
120561
120571
120578
120588
120622
120645
120674
120695
120710
120776
120827
120854
120875
120928
120930
121084
121094
121098
121124
121192
121218
121238
121250
121260
121272
121304
121338
121373
121445
121487
121500
121501
121509
121521
121523
121524
121526
121618
121668
121683
121687
121773
121780
121793
121813
121897
121942
122064
122070
122075
122085
122086
122088
122212
122215
122230
122240
122275
122353
122386
122441
122465
122474
122478
122545
122608
122687
122730
122735
122765
122784
122848
122963
122972
123007
123028
123043
123106
123117
123149
123165
123167
123184
123218
123221
123224
123260
123290
123317
123318
123331
123362
123375
123390
123394
123399
123430
123441
123492
123501
123525
123542
123571
123575
123593
123609
123640
123663
123669
123677
123678
123696
123703
123725
123735
123762
123783
123814
123839
123915
123925
123981
123982
124020
124074
124090
124159
124185
124188
124199
124229
124272
124292
124363
124412
124415
124420
124431
124477
124487
124537
124568
124573
124594
124663
124676
124679
124692
124704
124764
124769
124771
124787
124801
130202
130437
131932
132029
132155
132209
132269
132306
132724
133039
133040
133195
133287
133491
133672
133761
133827
133884
