120021
120047
120083
120142
010204
120216
120426
120654
120657
120795
120843
120874
120941
120973
121086
121216
121228
121246
121474
121497
121537
121560
121670
121797
121847
122290
122516
122776
122940
123063
123214
123370
123699
123911
124389
130136
131213
132918
133483
133499
133503
133807
120038
120048
120064
120318
120528
120536
120856
120932
120970
121060
121164
121193
121785
121803
122175
122372
122396
122529
122606
122668
122819
122844
122973
123115
123118
123231
123454
123522
123664
123890
123995
124483
124571
124800
132347
122491
133541
134041
120116
120599
120767
121184
122107
122841
124131
124468
124472
124726